bridge_sectors <-list(
  "S001" = c("s001"),
  "S002" = c("s002")
)

bridge_commodities <- list(
  "C001" = c("c001"),
  "C002" = c("c002")
)

